 0.00000000e+00 0.00000000e+00 0.00000000e+00 0.00000000e+00
 0.00000000e+00 0.00000000e+00 0.00000000e+00 0.00000000e+00
 0.00000000e+00 0.00000000e+00 0.00000000e+00 2.86560868e-05
 3.59633890e-04 3.39574629e-04 2.57904782e-04 6.54791584e-04
 7.80878366e-04 8.51085779e-04 9.38486844e-04 1.66921706e-03
 1.53310065e-03 8.00937627e-04 2.34979912e-04 2.90859281e-04
 3.20948173e-04 1.81966151e-04 1.43280434e-06 0.00000000e+00
 0.00000000e+00 4.01185216e-05 2.20651869e-03 9.48086633e-03
 2.06280841e-02 3.54705043e-02 5.77778351e-02 8.51945462e-02
 1.16173209e-01 1.59174533e-01 2.11209688e-01 2.76313452e-01
 3.69836890e-01 4.77076563e-01 5.98929409e-01 6.91790891e-01
 7.33241920e-01 7.29913516e-01 6.85960810e-01 6.11338927e-01
 5.13209023e-01 4.05688520e-01 2.89574056e-01 1.85220050e-01
 9.63016454e-02 2.92865207e-02 1.34110486e-03 0.00000000e+00
 0.00000000e+00 2.34406790e-03 7.95607595e-02 3.24180579e-01
 7.27941977e-01 1.31093574e+00 2.10549882e+00 3.10333528e+00
 4.28564101e+00 5.83525329e+00 7.77000338e+00 1.01625574e+01
 1.32017675e+01 1.64455792e+01 1.95015875e+01 2.16933111e+01
 2.26557415e+01 2.22589307e+01 2.07735066e+01 1.84024719e+01
 1.54959924e+01 1.20586390e+01 8.48421336e+00 5.28299175e+00
 2.60971986e+00 7.31402200e-01 2.67218010e-02 7.16402171e-06
 8.59682605e-06 1.32949915e-02 3.53149017e-01 1.42765054e+00
 3.10747036e+00 5.60271344e+00 8.96614570e+00 1.31960291e+01
 1.83358207e+01 2.46211321e+01 3.22311128e+01 4.08530358e+01
 5.04217975e+01 5.95250024e+01 6.69917986e+01 7.20352842e+01
 7.40949433e+01 7.28218809e+01 6.84912928e+01 6.12748076e+01
 5.14113939e+01 3.97763178e+01 2.78986950e+01 1.73493979e+01
 8.66844478e+00 2.46746818e+00 1.00075652e-01 9.54247692e-04
 8.52518583e-04 3.49948132e-02 8.13589290e-01 3.04377790e+00
 6.44754790e+00 1.13206774e+01 1.77975806e+01 2.60218761e+01
 3.57861998e+01 4.70833634e+01 5.96683746e+01 7.21901088e+01
 8.42995693e+01 9.48121207e+01 1.02522562e+02 1.07490266e+02
 1.09328445e+02 1.07923474e+02 1.02900695e+02 9.39602511e+01
 8.01223744e+01 6.27436584e+01 4.47129419e+01 2.83264659e+01
 1.45051653e+01 4.28298029e+00 1.81380134e-01 1.85118321e-03
 4.30414424e-03 7.03535588e-02 1.36881243e+00 4.95953617e+00
 1.00799218e+01 1.72903363e+01 2.67865193e+01 3.88548712e+01
 5.27634870e+01 6.72723016e+01 8.15403893e+01 9.33656789e+01
 1.03158295e+02 1.10994613e+02 1.16151457e+02 1.19197382e+02
 1.20448405e+02 1.20112312e+02 1.17066290e+02 1.10025502e+02
 9.62700320e+01 7.69462741e+01 5.59625508e+01 3.59523936e+01
 1.86262344e+01 5.56327264e+00 2.49034290e-01 1.51877260e-03
 7.17405134e-03 1.07895898e-01 1.90907137e+00 6.73493693e+00
 1.32451958e+01 2.23035109e+01 3.43937647e+01 4.96464842e+01
 6.61787294e+01 8.11252472e+01 9.31358384e+01 1.00747544e+02
 1.05843691e+02 1.09674061e+02 1.11981799e+02 1.13298648e+02
 1.14514544e+02 1.16118868e+02 1.16465484e+02 1.12794587e+02
 1.01024197e+02 8.21885699e+01 6.06476462e+01 3.93159018e+01
 2.02389946e+01 5.97290280e+00 2.74277437e-01 1.01729108e-03
 7.41046406e-03 1.33967206e-01 2.31887061e+00 8.07985592e+00
 1.58504897e+01 2.67154006e+01 4.12603405e+01 5.90597436e+01
 7.67230962e+01 8.98797849e+01 9.76173137e+01 1.00163159e+02
 1.00846044e+02 1.01542478e+02 1.02168677e+02 1.02713469e+02
 1.04467700e+02 1.08048300e+02 1.11184173e+02 1.09764980e+02
 9.96216523e+01 8.19168658e+01 6.09403753e+01 3.94945152e+01
 1.97583604e+01 5.54075755e+00 2.50061611e-01 1.31101597e-03
 7.34168945e-03 1.44147281e-01 2.55173570e+00 9.03424832e+00
 1.80834136e+01 3.09429185e+01 4.78359983e+01 6.73928549e+01
 8.47549188e+01 9.49781913e+01 9.81349487e+01 9.64630465e+01
 9.41211995e+01 9.30404853e+01 9.30477826e+01 9.37809128e+01
 9.64240127e+01 1.01262468e+02 1.05313724e+02 1.04098968e+02
 9.46402629e+01 7.81435455e+01 5.84831158e+01 3.77275322e+01
 1.80990498e+01 4.67911487e+00 1.92692125e-01 9.91500605e-04
 5.03487446e-03 1.42816206e-01 2.63596597e+00 9.77068396e+00
 2.02759467e+01 3.51988432e+01 5.40111028e+01 7.44331253e+01
 9.05660981e+01 9.79475909e+01 9.76055805e+01 9.34284214e+01
 8.98687952e+01 8.86055762e+01 8.92932979e+01 9.08487345e+01
 9.39580618e+01 9.81565224e+01 1.00608521e+02 9.76576128e+01
 8.79218935e+01 7.26450442e+01 5.47253429e+01 3.52131612e+01
 1.63531533e+01 3.92887416e+00 1.46478453e-01 1.94861391e-03
 3.02035155e-03 1.26816080e-01 2.66604340e+00 1.06618181e+01
 2.29953377e+01 4.00534493e+01 6.02252254e+01 8.06066608e+01
 9.52676722e+01 1.00606579e+02 9.85363474e+01 9.38055599e+01
 9.08100130e+01 9.10503316e+01 9.31155070e+01 9.50703607e+01
 9.67328465e+01 9.77656104e+01 9.66637094e+01 9.09604159e+01
 8.06000828e+01 6.66187838e+01 5.06508499e+01 3.27022776e+01
 1.49899474e+01 3.51541984e+00 1.25184115e-01 1.19352602e-03
 2.00449327e-03 1.07454594e-01 2.74605262e+00 1.18304434e+01
 2.59322756e+01 4.45554839e+01 6.51546411e+01 8.47394044e+01
 9.82354384e+01 1.03053456e+02 1.01463452e+02 9.84150949e+01
 9.78920439e+01 1.00707354e+02 1.03920744e+02 1.04674329e+02
 1.02786584e+02 9.93725506e+01 9.40805193e+01 8.54966429e+01
 7.45483973e+01 6.16257257e+01 4.71362253e+01 3.06017348e+01
 1.40460518e+01 3.30688377e+00 1.14130030e-01 6.93477302e-04
 1.88413771e-03 1.00008310e-01 2.96372569e+00 1.33885035e+01
 2.91894497e+01 4.87947193e+01 6.90029344e+01 8.72007259e+01
 9.95244623e+01 1.04539498e+02 1.04432655e+02 1.04036379e+02
 1.06925361e+02 1.12572269e+02 1.15702279e+02 1.13877494e+02
 1.07850409e+02 1.00064284e+02 9.17311371e+01 8.16399105e+01
 7.05479474e+01 5.82583547e+01 4.47124405e+01 2.91447834e+01
 1.35025189e+01 3.22424248e+00 1.11985122e-01 5.71688932e-04
 6.43329150e-04 1.03891210e-01 3.37000596e+00 1.53639739e+01
 3.26739525e+01 5.26894468e+01 7.17142530e+01 8.77754351e+01
 9.81217726e+01 1.02770191e+02 1.03680085e+02 1.05753439e+02
 1.12105834e+02 1.19610505e+02 1.21962707e+02 1.17548614e+02
 1.08162946e+02 9.84112392e+01 8.95821026e+01 7.98136423e+01
 6.91132446e+01 5.70210336e+01 4.35915003e+01 2.83316197e+01
 1.31452892e+01 3.15632325e+00 1.10750044e-01 4.74258237e-04
 2.99456107e-03 1.28478133e-01 3.90716717e+00 1.74059192e+01
 3.58667191e+01 5.58063565e+01 7.31887519e+01 8.65826986e+01
 9.42918465e+01 9.74990099e+01 9.84572795e+01 1.02327591e+02
 1.11001297e+02 1.19062270e+02 1.20260672e+02 1.13871599e+02
 1.03203987e+02 9.41078586e+01 8.69861233e+01 7.90036522e+01
 6.93902945e+01 5.73809956e+01 4.35217328e+01 2.79827104e+01
 1.29584014e+01 3.12476001e+00 1.11601130e-01 4.82855063e-04
 4.87869878e-03 1.56129824e-01 4.54634262e+00 1.96410940e+01
 3.92318922e+01 5.89445390e+01 7.45671383e+01 8.50591777e+01
 8.97083584e+01 9.07311815e+01 9.09871048e+01 9.56891646e+01
 1.05193085e+02 1.12682605e+02 1.12627709e+02 1.05094281e+02
 9.52304494e+01 8.84569313e+01 8.40379149e+01 7.83849730e+01
 7.01159497e+01 5.81624728e+01 4.36699535e+01 2.77048237e+01
 1.28159190e+01 3.12957566e+00 1.11049501e-01 5.20107976e-04
 5.59653376e-03 1.85025189e-01 5.27058223e+00 2.20395196e+01
 4.28505814e+01 6.26298078e+01 7.69733441e+01 8.50291232e+01
 8.68344509e+01 8.56324069e+01 8.49617900e+01 8.97844991e+01
 9.87460483e+01 1.04779580e+02 1.03398022e+02 9.57215717e+01
 8.76853246e+01 8.34345696e+01 8.14029189e+01 7.77558659e+01
 7.05245970e+01 5.85926179e+01 4.35967630e+01 2.74186267e+01
 1.27706481e+01 3.17254260e+00 1.16660362e-01 4.81422259e-04
 6.14816343e-03 2.29952202e-01 6.12993816e+00 2.46504874e+01
 4.68323848e+01 6.71024140e+01 8.08712425e+01 8.73657190e+01
 8.69808190e+01 8.39277165e+01 8.23368308e+01 8.64765522e+01
 9.39329405e+01 9.82076205e+01 9.58763246e+01 8.91073873e+01
 8.32815862e+01 8.10561989e+01 8.07527381e+01 7.82210330e+01
 7.11316303e+01 5.86893150e+01 4.32094746e+01 2.71165071e+01
 1.28033677e+01 3.20967659e+00 1.14764762e-01 4.14080455e-04
 4.17089344e-03 2.70566474e-01 7.02760871e+00 2.71368228e+01
 5.06361150e+01 7.17363024e+01 8.57328035e+01 9.18871394e+01
 9.06202309e+01 8.67812753e+01 8.46728148e+01 8.77161672e+01
 9.31762564e+01 9.56892706e+01 9.29787128e+01 8.76917121e+01
 8.38520673e+01 8.31231897e+01 8.33743946e+01 8.04384510e+01
 7.21032321e+01 5.83686534e+01 4.23624522e+01 2.65577578e+01
 1.26455686e+01 3.15331580e+00 1.06614971e-01 5.01481520e-05
 3.15790077e-03 2.93285019e-01 7.72209470e+00 2.89664967e+01
 5.31593780e+01 7.51219216e+01 9.02475012e+01 9.74587281e+01
 9.71370076e+01 9.38349725e+01 9.17575280e+01 9.36257157e+01
 9.68879920e+01 9.78040368e+01 9.49854255e+01 9.10116573e+01
 8.85159356e+01 8.82004837e+01 8.75195592e+01 8.27122657e+01
 7.19310248e+01 5.66074001e+01 4.03457027e+01 2.50758598e+01
 1.18504324e+01 2.88471083e+00 9.03540746e-02 4.72825433e-05
 2.57188379e-03 2.85108005e-01 7.73400417e+00 2.86646679e+01
 5.25558163e+01 7.54218720e+01 9.28202131e+01 1.03072533e+02
 1.05994502e+02 1.04893503e+02 1.03711803e+02 1.04410696e+02
 1.05624916e+02 1.05089490e+02 1.02022763e+02 9.83515572e+01
 9.56459340e+01 9.37848974e+01 9.01356207e+01 8.19765235e+01
 6.84395185e+01 5.20836027e+01 3.63017271e+01 2.22787163e+01
 1.03572082e+01 2.45329201e+00 7.15069663e-02 4.72825433e-05
 1.69500754e-03 2.47925299e-01 6.85079635e+00 2.55794633e+01
 4.77130208e+01 7.07417886e+01 9.07310727e+01 1.05427196e+02
 1.13378073e+02 1.16015556e+02 1.16686004e+02 1.16758982e+02
 1.16280553e+02 1.14132097e+02 1.10055187e+02 1.04896891e+02
 9.99212631e+01 9.44162168e+01 8.64424829e+01 7.49509565e+01
 6.00079721e+01 4.42964701e+01 3.02283045e+01 1.82510273e+01
 8.32639856e+00 1.92528928e+00 5.34350051e-02 3.86857172e-04
 7.09238149e-04 1.92252254e-01 5.28763834e+00 1.99894531e+01
 3.86981167e+01 6.01346392e+01 8.13235029e+01 1.00069921e+02
 1.13332454e+02 1.20519641e+02 1.23793589e+02 1.24116913e+02
 1.22426274e+02 1.18374148e+02 1.12121268e+02 1.03893803e+02
 9.50768241e+01 8.52786862e+01 7.38366259e+01 6.09029132e+01
 4.69854141e+01 3.39167412e+01 2.28174435e+01 1.35856717e+01
 6.09996389e+00 1.39211413e+00 3.82214886e-02 4.58497389e-05
 5.07212737e-04 1.27876355e-01 3.43760853e+00 1.31000054e+01
 2.64803792e+01 4.32373125e+01 6.19942201e+01 8.08268255e+01
 9.65466621e+01 1.07000239e+02 1.12698995e+02 1.13876767e+02
 1.11645741e+02 1.06048465e+02 9.76098603e+01 8.67286254e+01
 7.51841698e+01 6.34003327e+01 5.19218849e+01 4.09433326e+01
 3.07770399e+01 2.19400472e+01 1.46183783e+01 8.63247422e+00
 3.86149367e+00 9.04616782e-01 2.67719491e-02 0.00000000e+00
 3.58201085e-04 6.50278251e-02 1.69965555e+00 6.58928950e+00
 1.36923067e+01 2.32991337e+01 3.51483182e+01 4.79650424e+01
 5.99386301e+01 6.91572030e+01 7.47082022e+01 7.63500957e+01
 7.45347541e+01 6.94061083e+01 6.16337981e+01 5.21365735e+01
 4.24943719e+01 3.38459377e+01 2.66161202e+01 2.03876194e+01
 1.51710998e+01 1.08159577e+01 7.17473479e+00 4.21878063e+00
 1.92130179e+00 4.63272926e-01 1.54585260e-02 0.00000000e+00
 2.83695260e-04 2.10865815e-02 5.09317527e-01 1.86578349e+00
 3.88572669e+00 6.67289507e+00 1.02502579e+01 1.42469037e+01
 1.81261728e+01 2.14431879e+01 2.35725415e+01 2.43608661e+01
 2.37982210e+01 2.18330654e+01 1.86957082e+01 1.52143819e+01
 1.19188159e+01 9.24593227e+00 7.22542167e+00 5.49754561e+00
 4.09037127e+00 2.90579025e+00 1.92000367e+00 1.14292080e+00
 5.27177433e-01 1.44643031e-01 5.73838139e-03 0.00000000e+00
 4.29841303e-06 1.49584773e-03 2.29965097e-02 7.35157580e-02
 1.41800347e-01 2.32253285e-01 3.54603314e-01 4.79977992e-01
 5.98950901e-01 6.98940584e-01 7.63505614e-01 7.95495836e-01
 7.82643581e-01 7.12371692e-01 6.01362310e-01 4.86891273e-01
 3.82299422e-01 2.98431652e-01 2.39650854e-01 1.83873214e-01
 1.37254059e-01 9.54562909e-02 6.21679476e-02 3.76225764e-02
 1.79401432e-02 5.43749248e-03 3.32410607e-04 0.00000000e+00
 0.00000000e+00 1.43280434e-06 2.89426477e-04 3.36709020e-04
 1.94861391e-04 6.77716454e-04 1.16343713e-03 1.55602552e-03
 1.70503717e-03 8.82607475e-04 5.31570411e-04 3.58201085e-05
 3.09485738e-04 1.51877260e-04 6.51925976e-04 6.87746084e-04
 1.26086782e-04 7.59386301e-05 1.79100543e-04 0.00000000e+00
 0.00000000e+00 0.00000000e+00 0.00000000e+00 0.00000000e+00
 0.00000000e+00 0.00000000e+00 0.00000000e+00 0.00000000e+00