 1.00000000e+00 1.00000000e+00 1.00000000e+00 1.00000000e+00
 1.00000000e+00 1.00000000e+00 1.00000000e+00 1.00000000e+00
 1.00000000e+00 1.00000000e+00 1.00000000e+00 2.39399439e-02
 2.92187470e-01 2.19272661e-01 1.81557237e-01 2.48522570e-01
 3.38614172e-01 3.70384341e-01 4.32817656e-01 5.28668193e-01
 5.37491260e-01 3.94487689e-01 1.42286577e-01 1.72105432e-01
 2.59883489e-01 1.52018644e-01 1.19699720e-03 1.00000000e+00
 1.00000000e+00 1.12287654e-02 1.97843907e-01 4.30064369e-01
 6.88112546e-01 8.91192096e-01 1.15958355e+00 1.41488731e+00
 1.63407183e+00 1.90738544e+00 2.19020801e+00 2.40030003e+00
 2.80917626e+00 3.25067390e+00 3.76931405e+00 4.14008430e+00
 4.26826651e+00 4.38352686e+00 4.25629879e+00 4.01589854e+00
 3.60870858e+00 3.14402132e+00 2.70085873e+00 2.19481513e+00
 1.57904206e+00 1.01834456e+00 1.73670949e-01 1.00000000e+00
 1.00000000e+00 2.28605210e-01 2.63578378e+00 5.64115584e+00
 8.47747438e+00 1.13432395e+01 1.43851260e+01 1.75079808e+01
 2.05593966e+01 2.40375191e+01 2.76975401e+01 3.15785753e+01
 3.59790325e+01 4.01662044e+01 4.38099666e+01 4.62201071e+01
 4.71861442e+01 4.66929424e+01 4.51587236e+01 4.27432534e+01
 3.95969197e+01 3.54275327e+01 3.00733232e+01 2.40435984e+01
 1.70892441e+01 8.49863045e+00 8.89270179e-01 4.31583192e-03
 6.10351038e-03 5.94754638e-01 6.07503128e+00 1.41031116e+01
 2.14591988e+01 2.90932450e+01 3.70609664e+01 4.49446269e+01
 5.26699904e+01 6.03905081e+01 6.80021623e+01 7.51844791e+01
 8.19327201e+01 8.71508352e+01 9.07944097e+01 9.28102550e+01
 9.34349988e+01 9.27774078e+01 9.09883080e+01 8.76983632e+01
 8.24987494e+01 7.47148166e+01 6.41454275e+01 5.15194088e+01
 3.59722737e+01 1.66050381e+01 1.84845186e+00 3.85235120e-01
 2.50394406e-01 1.09858685e+00 9.47414860e+00 2.14719430e+01
 3.24075826e+01 4.34046689e+01 5.44843508e+01 6.52753112e+01
 7.52050417e+01 8.42311224e+01 9.20122998e+01 9.79739572e+01
 1.02377139e+02 1.04961927e+02 1.06046520e+02 1.06512733e+02
 1.06486233e+02 1.06188856e+02 1.05568350e+02 1.03989550e+02
 1.00171579e+02 9.28211742e+01 8.15668576e+01 6.67661985e+01
 4.71612079e+01 2.20333649e+01 2.61318298e+00 5.49352484e-01
 7.42946396e-01 2.00690120e+00 1.24627005e+01 2.77598630e+01
 4.10981056e+01 5.39580300e+01 6.65236774e+01 7.83787861e+01
 8.85319436e+01 9.63668763e+01 1.01823393e+02 1.04896776e+02
 1.06394933e+02 1.06978905e+02 1.06931325e+02 1.06825875e+02
 1.06720274e+02 1.06729128e+02 1.06920728e+02 1.06781033e+02
 1.04882244e+02 9.93544567e+01 8.94009220e+01 7.43185285e+01
 5.30702237e+01 2.51892158e+01 3.15248535e+00 4.98638975e-01
 1.01139258e+00 2.70938573e+00 1.48486526e+01 3.26731998e+01
 4.73113585e+01 6.09334919e+01 7.40387915e+01 8.61022114e+01
 9.54500181e+01 1.01324103e+02 1.04233631e+02 1.05176778e+02
 1.05566057e+02 1.05956238e+02 1.06190421e+02 1.06122654e+02
 1.05999765e+02 1.06024879e+02 1.06349115e+02 1.06623447e+02
 1.05510710e+02 1.01103830e+02 9.20914324e+01 7.72564519e+01
 5.50562671e+01 2.62224898e+01 3.40237867e+00 3.33954472e-01
 1.00765460e+00 3.00427437e+00 1.65732286e+01 3.58059874e+01
 5.15521390e+01 6.60503100e+01 7.96858364e+01 9.16323836e+01
 9.97814299e+01 1.03668791e+02 1.04725556e+02 1.04765917e+02
 1.04850014e+02 1.05181652e+02 1.05418152e+02 1.05115695e+02
 1.04920438e+02 1.05138264e+02 1.05932251e+02 1.06478011e+02
 1.05386217e+02 1.01156186e+02 9.24747099e+01 7.74378830e+01
 5.40980959e+01 2.51117693e+01 3.32702756e+00 4.03716409e-01
 1.03955982e+00 3.02524180e+00 1.75479503e+01 3.77980505e+01
 5.48049430e+01 7.04532566e+01 8.47148364e+01 9.60997591e+01
 1.02867118e+02 1.05057146e+02 1.05030464e+02 1.04501666e+02
 1.04016935e+02 1.03910573e+02 1.03785747e+02 1.03330498e+02
 1.03331066e+02 1.04203062e+02 1.05532369e+02 1.06153256e+02
 1.04759085e+02 1.00278741e+02 9.15932163e+01 7.60585966e+01
 5.14552216e+01 2.27569799e+01 2.98693293e+00 4.09840866e-01
 8.63270737e-01 2.95528727e+00 1.78356840e+01 3.91979240e+01
 5.77087156e+01 7.46631273e+01 8.90898940e+01 9.96321108e+01
 1.04950772e+02 1.05997738e+02 1.05337010e+02 1.04215912e+02
 1.03006719e+02 1.02467045e+02 1.02412914e+02 1.02273204e+02
 1.02813496e+02 1.04076414e+02 1.05301159e+02 1.05412385e+02
 1.03487963e+02 9.87128349e+01 8.99963474e+01 7.41424196e+01
 4.88408458e+01 2.05856762e+01 2.59532234e+00 5.56305860e-01
 6.70260803e-01 2.68954905e+00 1.76817162e+01 4.05953422e+01
 6.11278116e+01 7.92209681e+01 9.32736125e+01 1.02511534e+02
 1.06544402e+02 1.06962836e+02 1.05909993e+02 1.04265985e+02
 1.02661017e+02 1.02403055e+02 1.03170422e+02 1.03620856e+02
 1.04029580e+02 1.04650936e+02 1.05001823e+02 1.04066439e+02
 1.01405172e+02 9.65376227e+01 8.79397744e+01 7.20988842e+01
 4.69069449e+01 1.95397857e+01 2.34794964e+00 4.76293943e-01
 5.38715880e-01 2.24051797e+00 1.75517141e+01 4.25269766e+01
 6.48369604e+01 8.32943618e+01 9.64349758e+01 1.04356165e+02
 1.07552815e+02 1.07838342e+02 1.06756044e+02 1.05242471e+02
 1.03957197e+02 1.04546482e+02 1.06146984e+02 1.06379100e+02
 1.05846628e+02 1.05374069e+02 1.04565477e+02 1.02437037e+02
 9.91475021e+01 9.42702698e+01 8.57827224e+01 7.02351454e+01
 4.56564317e+01 1.89975327e+01 2.13947321e+00 3.08355770e-01
 5.47755154e-01 2.12044160e+00 1.78718949e+01 4.51240364e+01
 6.87934777e+01 8.69385112e+01 9.88278950e+01 1.05501114e+02
 1.08168795e+02 1.08392460e+02 1.07429894e+02 1.06206460e+02
 1.05451767e+02 1.06984646e+02 1.08772014e+02 1.08164295e+02
 1.06730478e+02 1.05568698e+02 1.03975179e+02 1.01080571e+02
 9.74060009e+01 9.23657625e+01 8.40396232e+01 6.89079977e+01
 4.50066927e+01 1.88250484e+01 2.13806956e+00 3.15314762e-01
 2.67015661e-01 1.99551888e+00 1.88411398e+01 4.82879864e+01
 7.27636092e+01 9.00866732e+01 1.00482926e+02 1.05945980e+02
 1.08019528e+02 1.08119826e+02 1.07163548e+02 1.06101441e+02
 1.05958744e+02 1.08306467e+02 1.09615042e+02 1.07979617e+02
 1.06202564e+02 1.05171113e+02 1.03511512e+02 1.00575240e+02
 9.68887255e+01 9.16863739e+01 8.31915634e+01 6.80730986e+01
 4.44959220e+01 1.86278948e+01 2.15753295e+00 2.58792095e-01
 5.36727496e-01 2.35839800e+00 2.02313055e+01 5.13930207e+01
 7.60631698e+01 9.23935444e+01 1.01341483e+02 1.05728854e+02
 1.07093991e+02 1.06873524e+02 1.05736886e+02 1.04900728e+02
 1.05880312e+02 1.08797313e+02 1.09276838e+02 1.06741694e+02
 1.04992348e+02 1.04307957e+02 1.03122693e+02 1.00850431e+02
 9.75403137e+01 9.21351588e+01 8.31251325e+01 6.76351608e+01
 4.41793560e+01 1.85591319e+01 2.20003599e+00 2.68711633e-01
 8.44044391e-01 2.80896676e+00 2.19164327e+01 5.44452508e+01
 7.91972861e+01 9.44162156e+01 1.01906474e+02 1.05070900e+02
 1.05609771e+02 1.04798478e+02 1.03507033e+02 1.03482809e+02
 1.05905841e+02 1.08882743e+02 1.08314859e+02 1.05257470e+02
 1.03656337e+02 1.03294692e+02 1.02671687e+02 1.01270907e+02
 9.85089341e+01 9.28200537e+01 8.30508054e+01 6.70804311e+01
 4.38714198e+01 1.85432126e+01 2.17883178e+00 2.57782393e-01
 9.48999912e-01 2.93136778e+00 2.36933402e+01 5.73381390e+01
 8.21122583e+01 9.64325345e+01 1.02749586e+02 1.04852889e+02
 1.04448298e+02 1.03057807e+02 1.01678976e+02 1.02701701e+02
 1.05966201e+02 1.08313693e+02 1.06921908e+02 1.03844665e+02
 1.02458754e+02 1.02265683e+02 1.02217322e+02 1.01503873e+02
 9.90142684e+01 9.30805358e+01 8.26690784e+01 6.64746041e+01
 4.37458368e+01 1.86702439e+01 2.19141165e+00 3.00052432e-01
 1.05535363e+00 3.25224035e+00 2.57425792e+01 6.02081493e+01
 8.48157482e+01 9.84932944e+01 1.04062536e+02 1.05377227e+02
 1.04192039e+02 1.02205309e+02 1.00936951e+02 1.02426907e+02
 1.05426017e+02 1.06915430e+02 1.05275330e+02 1.02672184e+02
 1.01556416e+02 1.01638157e+02 1.02140001e+02 1.01849213e+02
 9.92621439e+01 9.28688529e+01 8.20053966e+01 6.59792503e+01
 4.37379825e+01 1.85094243e+01 2.13912815e+00 2.68898307e-01
 7.51871876e-01 3.43874439e+00 2.77495653e+01 6.28558358e+01
 8.70595052e+01 1.00194303e+02 1.05335162e+02 1.06287330e+02
 1.04834589e+02 1.02650764e+02 1.01564198e+02 1.02700426e+02
 1.04573944e+02 1.05294544e+02 1.03976616e+02 1.02181552e+02
 1.01717992e+02 1.02307893e+02 1.03032014e+02 1.02577343e+02
 9.94334826e+01 9.23100709e+01 8.10409944e+01 6.51564307e+01
 4.31856054e+01 1.80046635e+01 1.96154083e+00 4.18949019e-02
 7.03805378e-01 3.35896671e+00 2.91120607e+01 6.49987554e+01
 8.84848033e+01 1.00968669e+02 1.05992839e+02 1.07134576e+02
 1.06036075e+02 1.04404497e+02 1.03530054e+02 1.03844283e+02
 1.04533149e+02 1.04812643e+02 1.04008086e+02 1.03062556e+02
 1.03098861e+02 1.03781516e+02 1.04280280e+02 1.03213191e+02
 9.90869426e+01 9.10567782e+01 7.92834464e+01 6.31970765e+01
 4.14140279e+01 1.68383413e+01 1.72016208e+00 3.95009075e-02
 6.59506154e-01 3.24687956e+00 2.90528863e+01 6.49911693e+01
 8.79909126e+01 1.00440529e+02 1.05921830e+02 1.07640884e+02
 1.07426513e+02 1.06734750e+02 1.06064207e+02 1.05706961e+02
 1.05626929e+02 1.05803827e+02 1.05464812e+02 1.04966006e+02
 1.04955108e+02 1.05260955e+02 1.04999372e+02 1.02869636e+02
 9.74143856e+01 8.81625101e+01 7.56536530e+01 5.95965171e+01
 3.84251313e+01 1.52464372e+01 1.50678917e+00 3.95009075e-02
 4.87483971e-01 2.94702458e+00 2.72657910e+01 6.18846205e+01
 8.44974813e+01 9.78781398e+01 1.04729258e+02 1.07602638e+02
 1.08256782e+02 1.08056237e+02 1.07595229e+02 1.07127805e+02
 1.07009920e+02 1.07244423e+02 1.07188773e+02 1.06667884e+02
 1.06253804e+02 1.05716661e+02 1.04071832e+02 1.00258210e+02
 9.30824775e+01 8.26156868e+01 6.97344650e+01 5.41217021e+01
 3.43465615e+01 1.33146201e+01 1.26710552e+00 2.93720727e-01
 2.57258940e-01 2.57877244e+00 2.40805318e+01 5.50628683e+01
 7.70297334e+01 9.20922616e+01 1.01310931e+02 1.06274378e+02
 1.08197353e+02 1.08518060e+02 1.08395769e+02 1.08186093e+02
 1.08248204e+02 1.08464624e+02 1.08401648e+02 1.07462892e+02
 1.05950239e+02 1.03531607e+02 9.95011974e+01 9.33418867e+01
 8.45514606e+01 7.35945160e+01 6.12236436e+01 4.69069391e+01
 2.94051348e+01 1.12666321e+01 1.02436909e+00 3.83039103e-02
 2.70330345e-01 2.10104979e+00 1.95118817e+01 4.47071496e+01
 6.43355175e+01 8.00096496e+01 9.19497072e+01 1.00119724e+02
 1.04711152e+02 1.06757694e+02 1.07610283e+02 1.07810300e+02
 1.07744101e+02 1.07250124e+02 1.05941579e+02 1.03015961e+02
 9.87763669e+01 9.33198158e+01 8.66577050e+01 7.87192374e+01
 6.96451517e+01 5.97081152e+01 4.90564816e+01 3.73752408e+01
 2.35659642e+01 9.21488731e+00 8.46145357e-01 1.00000000e+00
 2.98054704e-01 1.51629358e+00 1.37223136e+01 3.10905882e+01
 4.52917099e+01 5.82400142e+01 7.00473927e+01 7.95282210e+01
 8.63629367e+01 9.07179254e+01 9.29133650e+01 9.36201375e+01
 9.31536223e+01 9.13168269e+01 8.77280810e+01 8.24753866e+01
 7.58096986e+01 6.88568294e+01 6.20827518e+01 5.49515041e+01
 4.78244825e+01 4.05641264e+01 3.30245253e+01 2.52579446e+01
 1.63641058e+01 6.70376851e+00 6.49243423e-01 1.00000000e+00
 2.37005445e-01 8.87893968e-01 7.22278291e+00 1.44660536e+01
 2.06115155e+01 2.67602480e+01 3.28826419e+01 3.82147643e+01
 4.24811900e+01 4.56696503e+01 4.76140172e+01 4.84315666e+01
 4.81802156e+01 4.64874208e+01 4.33680635e+01 3.94878319e+01
 3.52571616e+01 3.13562909e+01 2.79902791e+01 2.44224466e+01
 2.09941026e+01 1.75412668e+01 1.41505098e+01 1.09214544e+01
 7.40704093e+00 3.63998373e+00 4.16765119e-01 1.00000000e+00
 3.59099159e-03 2.02042629e-01 9.53971333e-01 1.48105618e+00
 2.05049835e+00 2.49917412e+00 3.06328351e+00 3.51004841e+00
 3.84942652e+00 4.13368797e+00 4.22534446e+00 4.27405435e+00
 4.26173655e+00 4.06157633e+00 3.73554542e+00 3.40576955e+00
 3.04104093e+00 2.65119698e+00 2.44934175e+00 2.11986306e+00
 1.83042721e+00 1.51578738e+00 1.23845146e+00 9.42391107e-01
 6.28019573e-01 3.79163876e-01 4.55791158e-02 1.00000000e+00
 1.00000000e+00 1.19699720e-03 2.41793434e-01 2.45990879e-01
 1.08920072e-01 3.25479332e-01 4.37824935e-01 5.20236218e-01
 5.54211354e-01 3.59034486e-01 3.09906478e-01 2.55888707e-02
 2.52603272e-01 9.39928109e-02 3.26165395e-01 3.90906779e-01
 7.03483497e-02 4.40943276e-02 1.49624650e-01 1.00000000e+00
 1.00000000e+00 1.00000000e+00 1.00000000e+00 1.00000000e+00
 1.00000000e+00 1.00000000e+00 1.00000000e+00 1.00000000e+00